1.000119600075902
1.0189872184946
1.0236894585568583
1.0237422754454655
1.0237654179908648
1.0237654180634057
1.0312914027429565
1.0808366341881466
1.0808448521773175
1.08326326155199
1.0835232682762976
1.0910808053391459
1.091115901305511
1.1179860143391274
1.136124816598431
1.1361248166039402
1.1534972317518926
1.1535314790114646
1.153540527705882
1.1535405286442935
1.1535411317609574
1.167400975560426
1.167400994075767
1.222449569269154
1.2224496206898576
1.3205455726542066
1.4241370237304671
1.4241372726024355
1.4386075162561163
1.449697392834468
1.4497227436062086
1.4498528743761647
1.516075778527501
1.7437113841056817
1.7484588655163842
1.7506563106075523
1.8447566419548478
1.8523241238638153
2.103581071808948
2.1035812812442725
2.103854017911493
2.142363076910302
2.144529926417863
2.1445299283835726
2.160972197664173
2.161445362940277
2.1679779374723287
2.1803985802035117
2.309910567214176
2.314067451515116
2.0071138844538767
2.092756843429007
2.0998001179938917
2.2705197077438783
2.2714178796216955
2.2714189417380988
2.271418964708816
2.2714191520346567
2.2730517142296724
2.455375131143792
2.456400898634979
2.4936077825080867
2.608735704824372
2.6698349099452625
2.6698803896890717
2.763455808302673
2.767787270555625
2.7677877245108067
2.7678766105228836
2.807207903672127
2.80720790384463
2.807210128707822
2.807212635486891
2.8072166294137166
2.809838030352506
2.810726521931253
2.810726521935744
2.8245241407705413
2.8248534434486037
2.82501239701571
2.988713229193414
2.990746124205153
3.026194400583142
3.037079100888196
3.037079621438699
3.1626407776536056
3.300286115804849
3.4631480398547256
3.495637958287011
3.495640687155432
3.495641715674727
3.5116015954935333
3.5142796184892564
3.514403540869667
3.621766271434772
3.846235393071794
3.940013105730554
3.9461331504373973
3.946148292425198
3.9772935035104573
3.024415355216663
3.0244303248141193
3.027453400014272
3.0277547522180193
3.0277547522565
3.030654408078738
3.051620040114706
3.051620105740942
3.349063377728802
3.3490639285374515
3.372593635628641
3.374842799366451
3.3914804596678034
3.624660816724237
3.6487672377421116
3.6978369932085804
3.698688414323975
3.700112668282199
3.8302098925381713
3.8891810938896185
3.939739298642726
3.9397576342418996
4.130419031690331
4.279196660870675
4.2832386959027975
4.283238696078972
4.285639912543611
4.28626192145487
4.287351555559863
4.287426555960655
4.28780372837811
4.2878037370743085
4.312698229659569
4.415276919333348
4.415277441941653
4.41537498883434
4.5119142060921
4.576582619126425
4.578015652180188
4.57801565219334
4.60251922483641
4.6317925681770316
4.631799131991176
4.63182461738349
4.752442824553801
4.977617315220662
4.977661305438556
4.977661308130986
4.977794047087429
4.977930817854814
4.0000055634952
4.054374084144359
4.086020415565521
4.33184360326861
4.332886410360531
4.384718730005019
4.385006974586709
4.3852922414656765
4.387573428346018
4.51017222423479
4.578471090797369
4.59458725686506
4.594589176530833
4.59458919029844
4.715295833130235
4.7161500283518185
4.717129882657225
4.717279924124919
4.760175842167905
4.762624852589493
4.763335043863348
4.765283463507132
4.765989576670448
4.771224620520338
4.850446368549732
4.999232362980639
5.013918428161201
5.013949609006276
5.014383145931813
5.022623180201104
5.025687738703973
5.056043184263277
5.056043184263277
5.063189451517126
5.063189451517126
5.063777316092829
5.063785413069335
5.070258042756303
5.070258708718658
5.090562248269382
5.093592085792116
5.093596086484943
5.195969549213958
5.196568236550453
5.2101195412926815
5.210224485116214
5.210224488169799
5.437187138291981
5.4372040787642595
5.437207317285842
5.029720212103741
5.14472531777169
5.196409825080303
5.196411638052379
5.196707777426081
5.196714040264888
5.202384096475756
5.202413444706121
5.202480057291476
5.202699796035902
5.202734888863213
5.203084710607676
5.203155686323067
5.208277067718497
5.211606562784307
5.215902928046598
5.216615102887505
5.216655804242737
5.216660280650469
5.216665967889019
5.216667708537483
5.293777926322008
5.29379122978061
5.29379122978191
5.294256847513335
5.294256847562396
5.294256852645745
5.294405132773336
5.294617051568117
5.303839909514873
5.303856723055604
5.304627404400197
5.306069613283422
5.306084392201721
5.332828557802141
5.394303246816872
5.625027447067594
5.671098941238394
5.671360196936061
5.671369331369342
5.671369587423296
5.8298982192730975
5.829898586184466
6.009482267421454
6.030610994876484
6.033070325066753
6.047313004735082
6.072717024157411
6.246168153056542
6.246199178475149
6.000000522136371
6.000000538119407
6.021402214589203
6.137375223115836
6.16394017696408
6.4211187469172275
6.421129112225119
6.525805307630966
6.525805514670644
6.543827360340445
6.633688779717535
6.673084448283976
6.6730899784590445
6.6730899784590445
6.673092904326434
6.673092904670489
6.673094368421413
6.693224402784466
6.693527045699814
6.6935321874195335
6.693532191841326
6.752132079166542
6.7866980153242755
6.788665202185068
6.791022076438242
6.968179985701813
7.1740368855159256
7.174036914791718
7.174750057493611
7.174996163431384
7.175492821722415
7.298938285135657
7.575332495402531
7.575617631148634
7.5756195859179
7.575948020296024
7.672451225998397
7.6751821536379765
7.6751821536379765
7.675553867965882
7.81325895571794
7.813311786048587
7.925304418233556
7.925331136357711
8.042551048374335
8.042551055180276
8.04255565290359
8.078311639499438
8.078312140034013
8.108633449574414
7.106255141364399
7.220285870113876
7.285739214800813
7.3637322266123295
7.5356018187603615
7.715766475838413
7.7157671372434775
7.7686779200246905
7.777342059681384
7.926004190374311
8.094511869620428
8.095404040143215
8.314548229996037
8.3741652032524
8.374250418912574
8.37426146251604
8.374420083399253
8.55180990976226
8.551810884092209
8.555804575759812
8.555804683114527
8.558248018669845
8.558958950016386
8.572173978118949
8.586795760540994
8.586795777776404
8.597734745655426
8.597734745655426
8.597737243346264
8.597805296132515
8.597805356979533
8.597806282981427
8.647438647778088
8.647441794332453
8.64744395024662
8.735661566368858
8.735661576448535
8.781890850748463
8.782057672358278
8.782546444250094
8.970307376051872
9.035524023412759
9.19930086381819
9.218321871784665
9.2183384839976
9.22011799866056
9.225065298128875
9.25033094446155
9.260940334361276
9.411985532247813
8.010247508528971
8.04980654442609
8.049836720714694
8.092880774173622
8.12081037457348
8.120810554807528
8.12097575861177
8.128960596056487
8.224524762585325
8.224524806943604
8.279595163853283
8.285930322487278
8.285930332567649
8.288759913567546
8.288872766090881
8.29780699149844
8.298555280830092
8.298556379649709
8.298561061621905
8.304434822387345
8.352962734212799
8.359509638495329
8.359524116147604
8.362879681323012
8.363628959125101
8.363629040827677
8.46696696775734
8.529320670577395
8.532137649438535
8.53213765174758
8.555707736304479
8.581921677096279
8.581921682394317
8.707400777369235
8.713736245450603
8.736172916186783
8.7540823932069
8.754094597656936
8.949054179825211
8.959013078551664
8.97982644826206
8.98637914506024
8.98665077456297
9.023935031428099
9.024041253107562
9.306463440917089
9.33733919294583
9.337662414500592
9.337922955126933
9.337922955126995
9.000367309740158
9.000367319425235
9.172600730462385
9.172646962816785
9.173740391673002
9.17738494373534
9.179368173121718
9.192557012586748
9.288177852353552
9.288177856778393
9.288177856833155
9.28819338394933
9.290267054839411
9.290576687787174
9.291134005317259
9.292491447701703
9.413477051216896
9.566774600040363
9.574064317357259
9.583527336569443
9.583528322874818
9.583642071742533
9.58415248152235
9.58415248152235
9.58505540495144
9.624673016089504
9.801420386387806
9.802454377701874
9.81615110125815
9.818144190422833
9.871565340757213
9.958613892619967
9.95861505522441
10.063052990977397
10.063052994391635
10.14936639053082
10.14936639658278
10.322044290263511
10.346401830431022
10.373865907842674
10.373873752542586
10.509653079160103
10.525169888544973
10.525636818047321
10.525743719009364
10.565390909310741
10.565390977206661
10.658659411488362
10.763943413797197
10.76395130505832
10.00114929947662
10.001184105310147
10.001986632148977
10.009542510947568
10.011531042797323
10.020824716112568
10.0347512637732
10.034751294446872
10.03476347483574
10.183778421907594
10.210043507264684
10.307784193508589
10.307784193508851
10.344992200201004
10.344992200202666
10.345117323839117
10.43805211060032
10.464928159703847
10.535914900093301
10.546535771607088
10.548493807129862
10.548499268394725
10.548500518654318
10.548500615761824
10.548558444170059
10.548577247999276
10.597036881034043
10.794043665376185
10.794046717144909
10.794046717144946
10.829030286676435
10.858886309982342
10.876880220726537
10.947620625996317
11.064192313180895
11.066872892442229
11.068417271896182
11.074345972465744
11.344283615477229
11.344284357729553
11.345919604220532
11.349686248847899
11.349690753281406
11.349690757348084
11.349707205779506
11.349707205781234
11.349783187635008
11.349985118718
11.349986384729986
11.35012870022168
11.000088157187081
11.000093198141364
11.057050644009212
11.057051924294543
11.057051997993097
11.05815347589939
11.16624195161571
11.173570098044477
11.189401057735454
11.352769743086741
11.370698664915883
11.40698566931045
11.415023429997598
11.417806852712001
11.445469333856064
11.445469333863576
11.631067644718796
11.809639897458537
11.809910274291816
11.810748644372337
12.028836516472534
12.041717737923864
12.06861833045369
12.068622033764592
12.068623306109984
12.068624980192308
12.068625167283502
12.096923094791515
12.111269787021419
12.335053842751359
12.33528702478034
12.335738338721887
12.335977341989892
12.340525288624566
12.340525288701675
12.410680814736416
12.410680934235943
12.410861326163932
12.548030580831398
12.833653151602523
12.851963255174176
12.958327805479193
12.962364094767155
13.2371770463002
13.295586787863698
13.312298167499954
13.327260648850459
13.365393272837947
13.367073440742253
13.378475343013763
12.000000000000263
12.006780834905877
12.007464178073976
12.007522227166948
12.007522227169465
12.007522303407926
12.008423230703146
12.008423230703167
12.058479387196297
12.059014340827101
12.05903890223343
12.059084278992708
12.05918932978912
12.059194344532012
12.116876012084122
12.1168821529224
12.124111331237021
12.15220061529673
12.15303304970943
12.153033063959587
12.153036833425714
12.165405876168325
12.16542165588731
12.16589650515085
12.166197937002437
12.170975672504975
12.171024799526661
12.171168229577908
12.171168241420121
12.171168260512758
12.179215320484225
12.29829126309409
12.439171710526214
12.63022136575688
12.660568656617524
12.664559564556889
12.664559566423586
12.665636469079601
12.668439747311096
12.692411100861056
12.692444362135786
12.775242419274386
12.827066325361452
12.83575516965683
12.835755173829982
12.835828960208858
12.841130097687268
12.842792180725926
12.842939673892207
12.843392747763179
13.190573977374669
13.190594783099284
13.190806702168418
13.21050399504217
13.215810336227966
13.215828631701113
13.217303115529146
13.229561183044488
13.252959094102794
13.25296241369328
13.414630857103417
13.541932973666412
13.548841035568756
13.677252522714953
13.806075165942326
13.80608392261207
13.80671084096148
13.99666440419524
13.99695594096815
13.997106144104384
14.0325735764935
14.032575136499133
14.032579381568118
14.100850729226055
14.239520007039722
14.240115840777074
14.252414913368309
14.252416309058033
14.257762491332464
14.270046687924523
14.270113775685461
14.274034325225918
14.428407440986788
14.428407441071789
14.433174701355494
14.43328718638398
14.474101410217575
14.507700996901814
14.531959577577577
14.53201256150823
14.59446665463351
14.59446665463351
14.59446665504314
14.594467612155022
14.795936007537355
15.002229088998694
15.00222918156295
15.002229181563466
15.023687824258232
15.124027993396263
14.003939606338747
14.005013288146467
14.013611481146459
14.013621031261625
14.0143396150071
14.11623503292132
14.117590694780594
14.315076521446773
14.395475527392504
14.567144230601643
14.567172219006805
14.567362756391413
14.567394771662709
14.812862710595908
14.812862745404178
14.822689400252212
14.974791774524567
14.974791795928503
14.9747924236421
14.974792662313162
14.974797279194163
14.974884682607463
15.031485728013266
15.031526421708584
15.031530969686973
15.031530969726491
15.031533261212534
15.040787314801406
15.066968901971485
15.066968901981932
15.1514721899563
15.185471787600267
15.187824250628308
15.225485835316176
15.225485835320073
15.225485932844041
15.22548595401357
15.395077785952969
15.540831175652663
15.541649084177921
15.68067343910352
15.68067343910352
15.796190208420382
15.796198398674436
15.8006121540273
15.800612154032267
15.800647527671936
15.825346658449766
15.936212592513327
15.938084572973514
