1143.976585302664
2419.2561126222363
1447.1317609602766
334.15992825741625
1214.7229741184829
1446.1979833637965
1738.1851101696438
1436.110261638347
-299.0177347936017
1876.7338920510838
2112.4466267348366
-629.2802465230495
1563.9426893230518
2666.6541558204717
803.5159640547204
1007.3273219310975
1388.4554486998502
2251.85744937233
2311.7902198627344
2777.4214878905423
3575.2578451222003
1812.7098129724043
1287.5243558501738
3006.6974427370315
2134.4988342931942
2277.758250466006
-785.2107753761759
1699.979848529047
3140.967988161333
759.5901476469763
2051.266148734186
2170.8832290642154
377.6021464045384
1846.6808369447617
2815.612583224128
3004.617639830145
3405.969353821847
1169.9516272323376
757.8309005112731
1687.5638519902761
2533.2582459767127
1598.0628622104764
2663.6154317973323
3401.882788349262
4090.3701956472614
4525.245247148312
4420.576119588597
241.3633847145552
3641.2218819272266
1767.7243718992581
1714.6490241322113
635.2550190161317
4035.6449093653146
1802.735263808328
1883.3364173101972
3583.1089201653813
3068.1548622145024
2442.2580092713506
3528.820676352809
2516.2331681941014
1399.564222816359
4491.1290819267015
5020.201837879034
3885.919450384489
2083.98863319707
2112.120410995616
3005.014966400872
3406.0714304407225
3053.195725807468
4099.962034629179
2696.4882110382587
3004.6341853324634
3900.0696852006777
3609.237902589409
2595.162436032758
3200.539452503154
3474.483021289653
1139.6721572077522
4873.863536096586
3972.982226215424
3800.9873683935593
3934.471505784258
3876.3025500204626
4248.314802173041
2439.07449136647
3093.824535073274
3574.4440399225505
2716.1932004347873
2732.193790503219
5022.144520454308
2366.153005469065
4693.9411948984125
2103.271935007149
4431.019439128553
3537.797501431674
6321.644141390769
4869.481598657284
4528.346731873953
4426.618139215988
5073.191986458088
2758.2332013576656
3188.7083852045544
1735.166457654479
3604.649262655742
4310.284366954412
2295.170362440178
5516.631571457387
2358.0169257874622
4755.90501329861
2146.7831113609914
5546.734780325267
2170.006990699174
5178.338518931418
4749.774588093514
3102.395310759286
2755.758760083261
2889.5766348740003
5280.89890970463
3856.2662982309457
3981.2461815468732
5111.619562452137
3675.856857038264
5972.314781761974
2915.9914146102083
5627.568149075953
5897.024315200027
4274.700344704612
5595.392853328092
4131.713326700154
5691.194533901986
5553.961522955357
2604.2919832528696
4541.424265805061
5572.7110822332
5344.667511411502
2746.6588516891643
3274.493781228225
4933.8181247515595
4956.431326153005
3684.0701724718306
4307.382314954657
4737.304912022897
4314.6809651731655
4250.528414954118
5448.002233969805
3838.315461449755
5136.951410637847
5218.737758477339
6135.772719257233
5642.15685447749
5817.01419281027
5308.9353344428355
5756.509894756333
5299.75265696842
2440.43293703831
5651.036336647168
4037.2911880131114
5107.884255992106
1915.888362934371
4687.376683856948
5868.341421876442
5273.248555146571
5214.547576235312
2895.773650194831
7316.224086527608
5245.214096030245
5753.566168404122
5245.687741992375
4981.31354105265
4119.5256457301275
4804.956968678069
4873.772885298013
3802.6446676035193
5590.015186600659
4995.902304058143
4933.220434172119
5872.088125257513
5962.125314319256
5993.067692764442
3481.09834901069
5994.206937399058
5978.488593187698
4758.737349477418
6821.99978569619
6108.869496390233
5608.784086836239
5899.451618861255
5631.267634759966
5884.361057840572
4219.487920318894
5088.066373741407
4373.756456265021
4377.636369555903
5199.512771428227
7233.642371122438
7682.479678650269
6067.207332527759
4791.5792660611005
5403.398627373201
5063.779873159674
5522.700315561552
6380.256111410706
8131.887436692823
5537.804991026415
4829.543877665532
4015.477712706991
4217.905838284508
4578.940006502032
5378.752704789337
5527.151556005748
6804.967595339042
5141.32569995712
7381.657852105773
4784.045479739042
6361.20535181095
5730.65289269821
5156.940484630135
5040.001530850981
5478.793146814734
6738.25888651492
4025.786036741839
6282.50680330336
4375.980409668607
4793.151975997851
4515.41983536378
6604.36209988017
4087.752336671852
6690.984331337712
4731.515972042427
5631.3722830451625
6280.423455872274
4384.713806577544
5059.739935868477
6482.267064741899
6006.2452061120075
6856.190973551051
6615.902416023886
6916.852964197427
4804.994224388201
6594.831576208483
6031.289879195544
4229.226615851271
6098.445740687068
6351.555944705498
7241.317937695526
7211.131136055647
6257.1620712515605
7747.335801916468
7435.531733722853
4686.150873346171
5417.685084729879
6141.694880785952
7179.573382065955
5317.972217906754
4879.807264852892
7668.66737366565
6778.246214007881
6529.692452136371
6880.665690125634
5881.141906568229
6821.082401257103
5937.751968663992
5177.429004005107
7807.8669595890915
6760.408542723172
5524.51584369382
5517.100122830702
6749.854154719803
6314.8748094048615
7634.307592459515
6862.611361978462
7602.548598385096
7176.43332017246
7534.798160749284
8429.223163786048
7258.1821541747895
7475.6563112357935
7083.861630460627
6856.3174658567605
7232.904618866382
6886.859037880142
7231.621190760169
6915.507079225769
8130.880167406308
7726.623692031274
7689.3196533374785
8359.254162341387
6972.747575706296
8333.175666811332
6716.90448198833
8468.4859691381
8797.13336885539
8368.333182024198
7893.48815018691
6547.378164714513
9135.33643570991
7699.332133755097
8525.357633358284
8909.270538818428
8637.984594962436
6109.608187472362
6200.41537295421
6787.611035577456
8150.918067086797
9395.03749130181
9057.141052977086
8717.78115472814
8279.804643574293
7483.241675702795
8398.988672950278
7191.378074118046
9318.594543761883
7852.560903930403
7963.691693853979
8613.704896244146
9282.599960982632
8107.318327833762
9002.01214978718
9855.901337517216
10034.227934037684
10060.129391083256
9427.224907849077
8186.882064519903
8510.821344320158
8434.604097645459
8107.832539132184
8292.585957701971
6507.726145415087
9342.670074538124
10267.062661111831
8851.478454103973
9422.795495564687
7820.00975457648
8285.466905932197
9649.574201190233
9240.573955324038
10177.317288415465
8495.835956276966
7885.992776666644
8022.510782588738
8205.097186318255
10286.267358320636
9135.175271773884
9592.15762611075
9132.910804105892
9665.753887860841
9800.250837457037
11037.31311370412
10575.81113812385
9989.584196063237
7094.255377174557
6721.856689439418
9228.7835319287
8566.34733999726
8030.180979761209
8146.935754703382
8842.290319881424
7767.726388713164
8032.383218467014
7749.1733919545095
9664.293655813266
8195.184412204733
7552.954562229808
8372.012524061358
9173.514009234552
8888.783421804257
8684.153262668508
8821.887205005552
9229.60189542139
8628.789582396046
8582.7546953483
7447.027473781995
9174.527285274999
9519.548349194169
10497.495969848074
10238.730999239235
9078.695195819473
9557.162993248496
8450.086325055428
9908.236197431335
10856.630184984147
9095.985794589245
9627.898480750511
8398.171239609346
8334.957747113533
7668.69382827506
8483.62202403573
7751.028358266543
9095.085529438422
10145.845719807083
8174.915591091235
8453.57036591577
8527.270294764807
9524.54391786299
9173.147951552757
10813.074688893948
10047.340010200998
9587.981290384885
11512.193351265356
8956.83094418875
8962.463077349737
7857.175782970882
9987.372630626753
9455.905154883587
8929.799490374933
9841.87602982936
8885.512675001526
8617.908801391215
8869.44446741542
9320.135697753378
10005.413633516426
7725.545557831729
8792.184659343877
9845.175886123045
8321.968807251058
11786.07436497692
9134.676531092071
11278.708810719934
10373.45355806419
9479.504241522567
7913.228338489708
9943.69494170773
9325.079472413558
11276.734360099943
9245.344095990657
10893.480435541129
10444.14768109672
11211.481428671274
10965.587125586646
10222.343928021406
10072.133166670825
10342.766371487172
9935.74235490369
9847.587341040527
11775.584770312917
11521.605732358335
8109.780568778669
11591.680062412455
10645.872896457811
11624.334948183574
9585.632334266316
11139.388348047602
8874.386577992354
9317.519265248166
12578.604955399125
9483.959015236333
13677.876171972925
11297.79707977566
11866.268912908528
10906.431133215021
11496.757874071654
10913.824284586573
11289.68912353462
10531.52930904136
10083.236683150048
11403.060703805448
12195.600363783391
10703.555430891163
10300.205914227228
12511.43177540223
10450.58540989775
10247.022301867193
10372.304060927663
10717.153429653765
11104.125679178374
13414.542252624167
10061.2724484834
10729.931292768611
10856.38238776486
10328.393263290596
11579.167963313428
10529.967214135686
9009.367662040835
10187.682672299408
12202.06248728139
10774.51078120433
10034.0519702478
10945.37470925097
11059.19483982535
12914.19761049532
10796.232205433993
12151.448892482209
11056.922733936286
12676.183526460403
9801.13089957735
11515.563870168337
12055.274309934905
12054.896414085006
10381.741622739288
10725.09974159441
11431.760936821986
11076.231240797799
11842.196275402128
9605.084736635834
11836.09488615514
12416.229091544461
10231.432589895272
11175.416896962834
12446.057212163527
11610.213768610589
11708.88651033951
12606.442339698699
11181.788209878237
11747.184452004492
10938.34969861213
11854.499131700652
11111.253750289403
12394.754043605419
12875.031233885458
9870.503263320157
10953.135079234065
10241.589165199888
13112.188637742613
10613.083838878478
11471.991309987758
12528.677239796345
12206.531106770373
12493.225003799813
11707.390227305981
12985.430749730089
12942.320835009825
12406.766746327668
12870.502222009585
10955.887181867442
12849.367313117462
12055.89766732687
11625.3716314353
11958.604290006286
11252.264584948744
12759.43806954588
13235.559497253853
12000.927717636734
14164.403621333808
12599.261955867629
15368.101417756232
12692.262367114892
14535.781677459492
11517.671125694671
11928.39893311945
12482.142725263933
13124.23518440874
12094.9744249477
12963.496453690703
14886.392559227255
13542.597242464753
11372.498734361932
13827.309478743367
13416.025227969443
13942.876610376792
14055.404051315028
10907.18151597446
11669.000281506336
12982.468877011794
10802.004103651947
12357.74618282902
12430.31707553674
12208.210421591695
12173.303436648164
12849.615029719562
12526.2881881806
12732.092442681562
10420.170158669525
12339.155835256557
11247.575908097806
13843.476140087074
12232.863273270157
10460.004741755127
12855.35813077404
12887.646378074742
11631.335723875907
12353.528896448934
10886.106074226373
15134.215417724214
12208.974315730757
13507.091611801034
11534.932636049161
11875.5577468093
12989.605013364335
13433.071756882895
12064.942486358717
13102.62625730901
12439.153947498304
11711.202742975669
12004.98320859482
13111.711572656597
13914.951420805974
13783.671631123232
11949.942943568974
12477.15972849961
13354.401759413631
14039.721530519597
11856.288131013309
11430.03214119614
12034.379962323506
13964.080192253254
12566.465066892526
12381.119226321496
12767.706628824211
14468.196980353649
14312.17972560896
13582.227787945872
11754.522957084204
13645.574181724383
13406.95959132923
15809.470019204897
15732.036856593626
14856.077644276804
12225.095510056955
10855.76600854281
13185.435462030719
15430.966824793624
12439.530002008547
14840.697811640459
13173.5739908384
14252.220793327666
14248.140548313808
13787.588176672427
15029.830524748544
13061.317225428207
14072.1494087717
13570.494231255556
13872.136047272868
15436.943015703697
16206.159322176796
14000.810723359531
15411.85310365474
15424.281201859114
14697.675794455086
14741.558239447793
15237.601144033591
14971.313248930343
14337.719472936478
13924.499194150527
14544.912539367573
17035.92746882548
14423.389465306918
13776.22213262107
16759.619028894027
16579.364910226916
15554.212258650417
14053.330739246323
14738.199966301352
15145.565985275742
13951.594707913062
14425.094757345109
15735.218233245969
15081.197066238217
14255.069320673365
14119.132900793431
13107.358623111915
13493.08595258614
12840.00205012171
16016.059593815558
15279.498533441225
15255.021022610226
14159.899275594
11916.587173441412
15065.153213069783
15246.075851138345
15579.921493391887
13660.427831853012
13201.405654275266
13428.65288523633
15036.706673115896
14311.209313342268
14463.864306530533
15987.719082392783
15278.91310298431
17055.859615950598
15750.640235622357
14897.212144218245
16698.9510020744
14938.086742296635
14960.977030270897
13849.091811074946
13462.340165013322
16809.516006453472
14121.234236252096
14359.210376781666
14848.217706631083
16705.115157616143
14763.306836281077
16026.228430669837
13767.152834053217
15740.027418689122
15581.606705916485
15152.223811892529
15723.05275693468
15756.884241188094
17018.429878771218
16678.932950281982
16479.386075947517
17809.6007961518
16000.20647522306
15637.86611442559
16539.94791757377
17606.51524306972
14651.594802079595
16136.216778491436
16257.78726923164
